      1,        -6.8940
      2,         1.3470
      3,         1.3383
      4,         1.3116
      5,         1.2619
      6,         1.1933
      7,         1.1194
      8,         1.0463
      9,         0.9609
     10,         0.8678
     11,         0.7715
     12,         0.6885
     13,         0.5974
     14,         0.4644
     15,         0.4001
     16,         0.3027
     17,         0.1796
     18,         0.1053
     19,        -2.4026
     20,        -6.9952
     21,        -8.3437
     22,       -10.7479
     23,        -6.6387
     24,         6.8500
     25,         8.3568
     26,         7.7906
     27,         7.7542
     28,         7.0007
     29,         6.2119
     30,         5.4603
     31,         4.7238
     32,         4.0559
     33,         3.4831
     34,         2.9473
     35,         2.4882
     36,         2.0587
     37,         1.6454
     38,         1.2926
     39,         0.9967
     40,         0.7470
     41,         0.5441
     42,         0.3786
     43,         0.1724
     44,        -3.9087
     45,       -11.1490
     46,       -14.1807
     47,       -16.3733
     48,       -18.2832
     49,       -19.5896
     50,       -20.8174
     51,       -22.4741
     52,       -23.5958
     53,       -24.9060
     54,       -26.2661
     55,       -28.5261
     56,       -30.2330
     57,       -31.6666
     58,       -33.2987
     59,       -35.4291
     60,       -37.4260
     61,       -39.3054
     62,       -41.4652
     63,       -42.5467
     64,       -43.6612
     65,       -45.5680
     66,       -43.9144
     67,       -26.7245
     68,       -16.0710
     69,        -0.5305
     70,         4.2030
     71,         6.5253
     72,        14.9282
     73,        22.3204
     74,        23.1862
     75,        30.8482
     76,        33.1724
     77,        27.7273
     78,        23.6039
     79,        20.6615
     80,        18.2648
     81,        14.1136
     82,         9.9973
     83,         6.5715
     84,         4.7157
     85,         2.6541
     86,        -8.6078
     87,       -34.6882
     88,        -9.4590
     89,         1.0936
     90,       -17.1636
     91,       -43.5716
     92,       -57.8103
     93,       -60.2441
     94,       -62.9056
     95,       -65.8085
     96,       -70.4618
     97,       -73.6973
     98,       -73.8460
     99,       -74.0842
    100,       -76.9905
    101,       -81.5800
    102,       -86.8593
    103,       -90.7494
    104,       -94.7166
    105,      -100.7671
    106,      -108.6700
    107,      -116.6946
    108,      -125.9991
    109,       -85.7948
    110,       -70.0711
    111,       -67.8604
    112,       -67.2067
    113,       -69.8114
    114,       -71.0511
    115,       -74.1637
    116,       -79.5141
    117,       -85.1303
    118,       -90.5646
    119,       -94.9906
    120,       -99.9928
    121,      -105.6437
    122,      -114.4259
    123,      -125.2907
    124,      -134.8915
    125,      -145.4700
    126,      -155.8547
    127,      -151.1866
    128,      -146.4194
    129,      -151.4129
    130,      -146.6083
    131,         1.5934
    132,         8.8734
    133,        12.5255
    134,        23.5923
    135,        28.8050
    136,        24.3247
    137,        36.7619
    138,        50.0895
    139,        45.3567
    140,        38.4996
    141,        32.1619
    142,        26.3626
    143,        20.9197
    144,        16.1847
    145,        24.0833
    146,        29.4649
    147,        24.0508
    148,        19.2372
    149,        18.3831
    150,        16.2919
    151,        12.6982
    152,         9.2724
    153,         6.0892
    154,        13.7270
    155,        13.1727
    156,        10.7424
    157,        17.1015
    158,        38.8853
    159,        37.6515
    160,        31.6615
    161,        26.1829
    162,        20.9755
    163,        16.1079
    164,        11.7832
    165,         9.2307
    166,         8.3905
    167,         5.5450
    168,         3.3014
    169,        -2.0117
    170,       -23.0101
    171,       -10.4849
    172,       -21.2840
    173,        -4.0487
    174,        -6.7038
    175,       -15.9321
    176,         7.3389
    177,         5.9354
    178,         4.4494
    179,         7.5127
    180,         4.4672
    181,         1.8358
    182,       -12.9654
    183,       -34.5752
    184,       -47.5348
    185,       -58.2373
    186,       -45.0424
    187,        13.2941
    188,         9.8826
    189,         6.7246
    190,         4.0349
    191,         1.3685
    192,       -18.0880
    193,        -3.7116
    194,         5.2860
    195,         2.7431
    196,        -2.2989
    197,         6.2118
    198,        12.3193
    199,         8.6181
    200,         5.2655
    201,         2.3427
    202,       -10.5603
    203,       -33.3339
    204,       -47.3339
    205,        -0.3781
    206,         2.8452
    207,        -5.2857
    208,       -27.0901
    209,       -29.4544
    210,       -38.2957
    211,       -50.0559
    212,       -61.1168
    213,       -70.0727
    214,       -75.8660
    215,       -81.8967
    216,       -87.3988
    217,       -93.1644
    218,       -97.1813
    219,      -100.2873
    220,       -60.9657
    221,       -56.3587
    222,       -64.7970
    223,       -73.1664
    224,       -78.5593
    225,       -74.1356
    226,       -79.9633
    227,       -85.6641
    228,       -67.5622
    229,       -72.3521
    230,       -73.5653
    231,         8.9451
    232,         9.0190
    233,         6.2163
    234,         5.6874
    235,        14.2350
    236,        16.4720
    237,        13.7305
    238,        10.3661
    239,         7.3651
    240,         5.0348
    241,         3.1261
    242,         1.3835
    243,       -12.3237
    244,       -32.3506
    245,       -12.3159
    246,         1.9522
    247,        -3.9158
    248,        21.7263
    249,        44.9464
    250,        53.9349
    251,        46.2467
    252,        39.3267
    253,        33.6256
    254,        28.7105
    255,        24.0504
    256,        19.4882
    257,        15.7035
    258,        12.3853
    259,         9.9784
    260,        14.5491
    261,        15.0470
    262,        12.0217
    263,         8.9628
    264,         6.1888
    265,         3.9111
    266,        10.4276
    267,        12.1001
    268,        10.5739
    269,         8.7793
    270,         6.6371
    271,         4.8840
    272,         2.9546
    273,         1.2129
    274,       -10.7187
    275,       -27.7931
    276,       -37.2222
    277,       -43.9603
    278,       -45.7938
    279,       -48.9715
    280,       -46.7121
    281,         3.4947
    282,         2.5864
    283,         1.3832
    284,        -7.6388
    285,        -3.9467
    286,         2.6034
    287,         1.3106
    288,         0.6025
    289,         0.4677
    290,        -9.5869
    291,       -25.0154
    292,       -34.3912
    293,       -40.4919
    294,       -37.2828
    295,       -41.1336
    296,        -6.6742
    297,        15.3222
    298,        12.9238
    299,        10.7783
    300,        10.0966
    301,        22.2072
    302,        29.2589
    303,        26.2238
    304,        23.2932
    305,        23.2274
    306,        20.2403
    307,        17.2724
    308,        15.2488
    309,        21.2122
    310,        24.3696
    311,        21.6366
    312,        18.5721
    313,        15.8154
    314,        13.3529
    315,        11.3797
    316,        11.1661
    317,        10.4266
    318,         9.1744
    319,         7.9000
    320,        13.4529
    321,        24.7517
    322,        46.1937
    323,        52.4451
    324,        46.2403
    325,        40.6743
    326,        35.7794
    327,        31.6008
    328,        27.9851
    329,        25.3600
    330,        23.0002
    331,        20.2817
    332,        17.6788
    333,        15.3788
    334,        13.2552
    335,        13.3349
    336,        16.8450
    337,        17.8238
    338,        15.8851
    339,        13.9595
    340,        12.6680
    341,        11.4666
    342,        10.0988
    343,         9.0188
    344,        14.6604
    345,        17.8348
    346,        17.1386
    347,        20.2484
    348,        21.0179
    349,        18.7542
    350,        16.6972
    351,        14.9350
    352,        13.2806
    353,        11.8130
    354,        10.3789
    355,         9.2030
    356,         8.1517
    357,         7.7909
    358,         7.5078
    359,         6.6934
    360,         5.9288
    361,         5.3177
    362,         4.7351
    363,         4.1435
    364,         3.6611
    365,         3.2203
    366,         2.7844
    367,         2.3759
    368,         2.0119
    369,         1.7314
    370,         1.4454
    371,         1.2215
    372,         1.0579
    373,         0.9584
    374,         0.9203
    375,         0.9034
    376,         0.8314
    377,         0.6976
    378,         0.5611
    379,         0.4114
    380,         0.3055
    381,         0.2441
    382,         0.1849
    383,        -2.0638
    384,        -1.9552
    385,        -8.1624
    386,       -11.7971
    387,       -14.4861
    388,       -17.0090
    389,       -18.9941
    390,       -20.1563
    391,       -21.3164
    392,       -22.4685
    393,       -24.0056
    394,       -25.5742
    395,       -15.1661
    396,         2.4686
    397,         3.8051
    398,         3.1334
    399,         2.4240
    400,         1.8713
    401,         1.3873
    402,         1.4289
    403,         1.7388
    404,         1.4272
    405,         0.9656
    406,         0.5569
    407,         0.0066
    408,        -9.1887
    409,       -15.7413
    410,       -20.3540
    411,       -22.9464
    412,       -23.4215
    413,       -24.8441
    414,       -26.5880
    415,         8.0813
    416,        17.0076
    417,        15.5569
    418,        13.2935
    419,        11.4226
    420,         9.7890
    421,         8.1620
    422,         6.5753
    423,         4.9039
    424,         3.9073
    425,         3.2249
    426,         2.1563
    427,         1.1705
    428,        -2.1976
    429,       -15.8665
    430,       -22.9040
    431,       -19.0287
    432,       -22.3230
    433,       -16.0841
    434,         9.1882
    435,         7.8111
    436,         5.8593
    437,         3.8896
    438,        11.7347
    439,        19.3265
    440,        23.0445
    441,        32.8745
    442,        32.2271
    443,        28.9372
    444,        26.0003
    445,        21.9855
    446,        17.7139
    447,        13.8597
    448,        10.4584
    449,         7.3106
    450,         4.4905
    451,         5.1689
    452,         5.8568
    453,         2.9759
    454,        -9.0188
    455,         9.7467
    456,        13.9563
    457,        12.9155
    458,        12.6554
    459,        11.5515
    460,         9.8013
    461,         8.2345
    462,        12.3122
    463,        17.0922
    464,        16.3459
    465,        14.2403
    466,        11.6708
    467,        10.3304
    468,         8.4307
    469,         6.0782
    470,         6.1289
    471,         5.0373
    472,         2.5459
    473,        -5.5288
    474,         3.0298
    475,         3.9476
    476,         2.6936
    477,         1.8969
    478,         0.8945
    479,       -11.5431
    480,         3.9117
    481,        19.2761
    482,        19.5599
    483,        15.8764
    484,        12.4596
    485,         9.4786
    486,         6.8189
    487,         4.4619
    488,         2.1393
    489,        -9.8367
    490,       -30.7048
    491,       -43.6168
    492,       -54.8190
    493,       -63.8649
    494,       -71.5672
    495,       -79.1541
    496,       -81.9585
    497,       -76.6286
    498,       -71.9830
    499,       -74.0095
    500,       -73.6912
    501,       -74.9799
    502,       -74.5229
    503,       -79.5563
    504,       -85.4423
    505,       -91.4460
    506,       -97.4270
    507,      -106.1656
    508,      -118.1089
    509,      -131.4817
    510,      -137.8735
    511,      -145.3395
    512,      -149.6670
    513,      -137.2811
    514,      -107.5901
    515,      -101.1443
    516,      -108.7852
    517,       -65.4285
    518,       -38.9610
    519,       -25.3826
    520,       -18.0922
    521,         7.0445
    522,         7.0067
    523,         9.5050
    524,         6.6890
    525,         3.8594
    526,        -0.6365
    527,       -22.4868
    528,       -40.8314
    529,       -29.6796
    530,         6.3587
    531,         6.8627
    532,        23.6760
    533,        22.6213
    534,        23.8406
    535,        23.6347
    536,        18.9572
    537,        14.5134
    538,        10.5687
    539,         8.7971
    540,         8.9240
    541,         5.4994
    542,         8.0578
    543,        11.4585
    544,         8.8728
    545,         6.0734
    546,         3.2910
    547,         2.3913
    548,        -6.8629
    549,       -29.5958
    550,       -44.7313
    551,       -54.0694
    552,       -48.5854
    553,       -33.7867
    554,       -10.4680
    555,        27.6732
    556,        22.7847
    557,        19.3793
    558,        26.7055
    559,        28.7883
    560,        26.4270
    561,        28.2552
    562,        23.7053
    563,        18.8247
    564,        17.5433
    565,        15.3336
    566,        11.4976
    567,         9.2844
    568,        15.9829
    569,        12.1575
    570,         8.8469
    571,         5.8675
    572,         2.8978
    573,        -8.9896
    574,        13.1242
    575,        21.4226
    576,        16.7130
    577,        12.5649
    578,         9.0065
    579,         5.8146
    580,        27.4748
    581,        24.2554
    582,        40.7468
    583,        34.4523
    584,        28.5496
    585,        23.1079
    586,        18.2668
    587,        13.9807
    588,        19.5081
    589,        17.5984
    590,        17.6934
    591,        24.4071
    592,        20.1874
    593,        16.0368
    594,        12.2697
    595,         8.6940
    596,         5.9147
    597,         3.7818
    598,         3.3445
    599,         2.1636
    600,       -11.1512
    601,       -31.6727
    602,       -45.3961
    603,       -52.3808
    604,       -57.1458
    605,       -35.7633
    606,        -2.6659
    607,        30.3006
    608,        25.2590
    609,        20.5810
    610,        16.4969
    611,        12.8499
    612,         9.6795
    613,         7.0675
    614,        16.9553
    615,        18.3396
    616,        23.5953
    617,        40.4263
    618,        34.1421
    619,        28.6593
    620,        23.6619
    621,        19.8992
    622,        16.9748
    623,        13.9331
    624,        11.8015
    625,        12.2039
    626,        13.1374
    627,        11.3616
    628,         9.9378
    629,         7.4982
    630,         5.6467
    631,         3.7116
    632,         1.9146
    633,         1.1358
    634,        28.9173
    635,        32.2103
    636,        30.6708
    637,        27.7667
    638,        24.2426
    639,        20.8302
    640,        17.4816
    641,        14.1569
    642,        10.9129
    643,         8.4420
    644,        10.3424
    645,         8.9602
    646,        11.6425
    647,         9.8374
    648,         7.9061
    649,         5.8244
    650,         5.4982
    651,         6.7608
    652,         5.2558
    653,         3.8784
    654,         2.8132
    655,         3.1419
    656,         9.1245
    657,         9.1592
    658,         7.5920
    659,         6.2359
    660,         4.9655
    661,         3.6309
    662,         2.9411
    663,         2.0403
    664,         1.1641
    665,         1.9463
    666,         2.5592
    667,         2.1404
    668,         1.9172
    669,         1.8113
    670,         1.7042
    671,         1.6870
    672,         1.0237
    673,         0.5670
    674,       -10.3913
    675,       -25.1798
    676,       -34.1860
    677,       -40.0707
    678,       -44.0913
    679,       -48.4832
    680,       -52.5583
    681,       -55.7568
    682,       -58.8408
    683,       -61.9815
    684,       -63.8914
    685,       -64.8534
    686,       -66.5819
    687,       -62.7911
    688,       -47.3847
    689,       -48.8144
    690,       -50.4685
    691,       -51.7475
    692,       -52.3031
    693,       -49.7021
    694,       -46.5119
    695,       -41.7822
    696,       -15.8605
    697,         3.3534
    698,        25.8720
    699,        30.3684
    700,        27.6637
    701,        24.6826
    702,        21.8685
    703,        19.3383
    704,        17.1201
    705,        16.4790
    706,        15.3678
    707,        13.6017
    708,        12.0251
    709,        10.6353
    710,         9.4924
    711,         8.4418
    712,         7.5036
    713,         6.6564
    714,         5.8904
    715,         5.2345
    716,         4.6145
    717,         4.0967
    718,         3.6885
    719,         3.1668
    720,         2.7210
    721,         2.3789
    722,         2.0381
    723,         1.7645
    724,         1.5163
    725,         1.2862
    726,         1.1247
    727,         1.0067
    728,         0.8474
    729,         0.7100
    730,         0.6222
    731,         0.5163
    732,         0.3605
    733,         0.2223
    734,         0.1460
    735,         0.1119
    736,         0.0412
    737,        -4.7088
    738,       -10.7794
    739,       -11.8564
    740,       -14.4841
    741,       -16.3752
    742,       -17.3510
    743,       -18.3335
    744,       -19.5732
    745,       -21.7844
    746,       -23.6576
    747,       -25.9676
    748,       -28.0752
    749,        -4.1050
    750,         7.2564
    751,        13.7265
    752,        19.2792
    753,        19.0728
    754,        17.0808
    755,        14.9492
    756,        13.0097
    757,        11.2854
    758,         9.6793
    759,         8.2563
    760,         6.9886
    761,         5.8925
    762,         5.0229
    763,         4.1661
    764,         3.3571
    765,         2.6067
    766,         1.9627
    767,         1.3987
    768,         0.8804
    769,         0.4304
    770,        -3.1004
    771,       -14.0982
    772,         2.7730
    773,         7.9610
    774,         6.6047
    775,         6.5136
    776,         5.4324
    777,         4.1830
    778,         2.9430
    779,         1.6639
    780,         0.5482
    781,       -13.4477
    782,        18.3469
    783,        28.0367
    784,        25.1473
    785,        23.3928
    786,        20.3242
    787,        17.2222
    788,        14.4896
    789,        12.1822
    790,         9.9975
    791,         7.8811
    792,         6.0572
    793,         4.4499
    794,         2.8235
    795,         1.3998
    796,         1.7503
    797,         1.5092
    798,         0.0455
    799,       -17.6018
    800,       -27.9546
    801,       -34.5571
    802,       -39.7368
    803,       -44.2951
    804,       -47.9020
    805,       -51.6657
    806,       -53.0642
    807,       -45.5061
    808,       -23.9039
    809,       -22.4943
    810,       -35.7446
    811,       -43.2178
    812,       -49.0650
    813,       -18.0599
    814,         2.6092
    815,         0.9724
    816,       -15.0471
    817,       -33.5322
    818,       -45.2122
    819,       -51.8191
    820,       -57.8179
    821,       -63.0645
    822,       -21.1033
    823,         4.5817
    824,         5.7528
    825,         5.7773
    826,         4.2750
    827,         2.8878
    828,         1.2751
    829,        -4.9913
    830,       -22.7881
    831,       -28.1723
    832,       -37.4075
    833,       -45.2560
    834,       -52.4567
    835,       -57.5606
    836,       -61.8769
    837,       -64.5884
    838,       -52.7729
    839,        18.8567
    840,        18.4641
    841,        25.7754
    842,        21.7484
    843,        19.1053
    844,        18.9143
    845,        17.3934
    846,        15.6997
    847,        13.5865
    848,        11.6561
    849,        17.7710
    850,        14.4936
    851,        11.7171
    852,        21.2613
    853,        19.0640
    854,        15.7539
    855,        12.7320
    856,         9.3923
    857,         6.5180
    858,         3.8743
    859,         1.3767
    860,       -18.4444
    861,       -34.7702
    862,       -44.7884
    863,       -54.7764
    864,       -63.3870
    865,       -69.5397
    866,       -75.5481
    867,       -55.9565
    868,       -49.8828
    869,       -54.6078
    870,       -61.8993
    871,       -27.3808
    872,         1.0672
    873,         2.5206
    874,         2.8170
    875,         1.0799
    876,        -7.2483
    877,         1.3169
    878,       -18.7018
    879,         3.4703
    880,         5.6582
    881,         4.6099
    882,         2.2697
    883,       -12.4592
    884,       -24.1049
    885,       -30.5959
    886,       -45.7258
    887,       -57.2480
    888,       -66.9871
    889,       -46.2441
    890,       -39.1202
    891,       -49.8786
    892,       -53.1763
    893,       -31.4480
    894,       -43.8483
    895,        23.2012
    896,        29.9522
    897,        24.4370
    898,        20.8489
    899,        19.6134
    900,        19.8309
    901,        16.8772
    902,        13.1766
    903,        15.8599
    904,        15.0741
    905,        12.8980
    906,        13.2528
    907,        18.2904
    908,        14.4126
    909,        10.7023
    910,        14.0230
    911,        12.5927
    912,         9.4635
    913,         7.8680
    914,         4.9978
    915,         2.2251
    916,       -12.6889
    917,       -20.9682
    918,         3.0798
    919,         0.3057
    920,       -28.1029
    921,       -38.2156
    922,       -51.8769
    923,       -51.9923
    924,       -41.5367
    925,       -38.2214
    926,       -49.6536
    927,       -58.5899
    928,       -66.9100
    929,       -52.2151
    930,       -51.4445
    931,       -60.2433
    932,       -69.4193
    933,        -6.9089
    934,         7.1631
    935,         4.7988
    936,         2.1049
    937,         0.2288
    938,       -26.8473
    939,       -43.8015
    940,       -55.0285
    941,       -64.6971
    942,       -73.0354
    943,       -80.8711
    944,       -87.4386
    945,       -91.1707
    946,       -84.5553
    947,       -75.4277
    948,       -72.6392
    949,       -78.6791
    950,       -85.5030
    951,       -90.2467
    952,       -91.0326
    953,       -93.6692
    954,       -99.5628
    955,      -109.2065
    956,      -112.4242
    957,      -116.6232
    958,      -126.9898
    959,       -85.8105
    960,         0.4870
    961,       -22.8950
    962,       -39.2476
    963,       -48.8816
    964,       -52.0425
    965,       -57.0081
    966,       -50.0799
    967,       -53.7825
    968,       -55.2735
    969,         3.4159
    970,         6.9390
    971,         4.5357
    972,         2.0711
    973,        -8.1218
    974,       -29.5136
    975,        -6.8586
    976,         4.3776
    977,         1.9770
    978,         3.6338
    979,         2.8199
    980,         1.2804
    981,        -0.0396
    982,       -21.5787
    983,       -35.5951
    984,       -45.2578
    985,       -54.8338
    986,       -62.6786
    987,       -68.5605
    988,       -19.0813
    989,        18.0421
    990,        21.3894
    991,        18.4709
    992,        15.3629
    993,        18.0386
    994,        21.1824
    995,        18.1802
    996,        17.2268
    997,        24.1025
    998,        32.5540
    999,        32.4611
   1000,        38.0715
   1001,        33.0969
   1002,        29.9238
   1003,        25.8511
   1004,        22.8859
   1005,        26.1081
   1006,        30.1645
   1007,        31.6108
   1008,        27.3649
   1009,        23.1960
   1010,        19.9279
   1011,        16.5547
   1012,        13.7255
   1013,        11.4659
   1014,         9.1294
   1015,         7.0105
   1016,         5.4187
   1017,         3.9190
   1018,         5.5317
   1019,         5.6368
   1020,         4.1339
   1021,         2.4122
   1022,         0.6650
   1023,       -16.0320
   1024,       -31.3194
   1025,        -0.3148
   1026,         6.9837
   1027,         6.5539
   1028,         5.1288
   1029,         3.9257
   1030,         6.0176
   1031,         5.9702
   1032,         5.1888
   1033,         7.4454
   1034,         6.8825
   1035,         5.7808
   1036,         4.8904
   1037,         4.1973
   1038,         3.4581
   1039,         2.8892
   1040,         2.2934
   1041,         1.6416
   1042,         1.0904
   1043,         0.6634
   1044,         0.4648
   1045,        -7.6785
   1046,       -15.2506
   1047,       -16.9816
   1048,       -15.5485
   1049,         9.3870
   1050,         9.3332
   1051,         8.1690
   1052,         8.3363
   1053,         7.3411
   1054,         6.4375
   1055,         5.3172
   1056,         4.8311
   1057,         4.1989
   1058,         3.6357
   1059,         4.1890
   1060,         3.6391
   1061,         3.0650
   1062,         2.5657
   1063,         2.0898
   1064,         1.6005
   1065,         1.2983
   1066,         1.0464
   1067,         0.7584
   1068,         0.9949
   1069,         7.4027
   1070,         6.5963
   1071,         5.8306
   1072,         5.0490
   1073,         4.4148
   1074,         3.8477
   1075,         3.3706
   1076,         3.0083
   1077,         2.6484
   1078,         2.2979
   1079,         2.0316
   1080,         1.7690
   1081,         1.5256
   1082,         1.3318
   1083,         1.2276
   1084,         1.1526
   1085,         1.0443
   1086,         0.9631
   1087,         0.8022
   1088,         0.6662
   1089,         0.6501
   1090,         0.6028
   1091,         0.5225
   1092,         0.3463
   1093,         0.3140
   1094,         0.2245
   1095,         0.1641
   1096,        -0.0043
   1097,        -6.7790
   1098,       -11.4342
   1099,       -12.8138
   1100,       -13.9590
   1101,       -15.6813
   1102,       -19.0926
   1103,       -22.0006
   1104,       -23.7365
   1105,       -24.7466
   1106,        -3.1563
   1107,        -5.2417
   1108,        -7.1201
   1109,        -9.3679
   1110,       -12.0092
   1111,       -14.9610
   1112,       -17.4808
   1113,       -20.5360
   1114,       -19.6972
   1115,         2.5529
   1116,         3.6479
   1117,         2.9780
   1118,         2.3855
   1119,         1.7827
   1120,         1.2733
   1121,         0.9375
   1122,         2.4287
   1123,         1.8257
   1124,         1.3035
   1125,         0.8449
   1126,         0.3866
   1127,        -4.5343
   1128,       -14.1032
   1129,       -18.7982
   1130,       -21.8682
   1131,       -24.6416
   1132,       -26.9843
   1133,       -29.1415
   1134,       -30.9865
   1135,       -32.6242
   1136,       -34.1805
   1137,       -35.6669
   1138,       -36.9840
   1139,       -38.1791
   1140,       -39.9798
   1141,       -40.5754
   1142,       -41.8133
   1143,       -43.2533
   1144,       -44.4718
   1145,       -45.0455
   1146,       -45.8223
   1147,       -46.5876
   1148,       -47.8930
   1149,       -49.4537
   1150,       -50.2173
   1151,       -51.1445
   1152,       -52.1045
   1153,       -50.0733
   1154,       -40.5214
   1155,       -44.6703
   1156,       -47.9402
   1157,       -50.8214
   1158,       -53.8325
   1159,       -56.5590
   1160,       -58.9533
   1161,       -60.9688
   1162,       -62.3000
   1163,       -63.8824
   1164,       -65.5195
   1165,       -66.6578
   1166,       -67.1878
   1167,       -69.0179
   1168,       -70.9626
   1169,       -73.1856
   1170,       -74.9541
   1171,       -77.1842
   1172,       -79.4475
   1173,       -80.2541
   1174,       -81.3902
   1175,       -82.4211
   1176,       -83.6839
   1177,       -85.0746
   1178,       -86.8621
   1179,       -88.3852
   1180,       -89.7410
   1181,       -79.0709
   1182,       -21.5763
   1183,       -33.9723
   1184,       -42.5720
   1185,       -48.9402
   1186,       -53.7102
   1187,       -57.9618
   1188,       -61.4171
   1189,       -64.4430
   1190,       -67.0238
   1191,       -68.6570
   1192,       -70.4015
   1193,       -72.5159
   1194,       -74.7257
   1195,       -76.8931
   1196,       -77.9299
   1197,       -72.5409
   1198,       -54.8271
   1199,       -61.2365
   1200,       -65.8908
   1201,       -62.1509
   1202,       -43.7081
   1203,       -55.2494
   1204,       -64.2508
   1205,       -72.1092
   1206,       -78.4787
   1207,       -84.1678
   1208,       -62.5240
   1209,         3.5211
   1210,        19.8166
   1211,        21.5994
   1212,        16.6998
   1213,        12.2162
   1214,         7.3202
   1215,         2.8766
   1216,         3.3665
   1217,        -1.4218
   1218,       -35.8080
   1219,       -55.4732
   1220,       -64.3689
   1221,       -72.0064
   1222,       -79.0184
   1223,       -83.4141
   1224,       -71.7202
   1225,       -59.3815
   1226,       -65.6686
   1227,       -72.3762
   1228,       -78.5491
   1229,       -85.4273
   1230,       -92.1329
   1231,       -98.9282
   1232,       -98.8517
   1233,       -88.8797
   1234,       -80.4484
   1235,       -75.6527
   1236,       -81.9482
   1237,       -88.3366
   1238,       -94.0547
   1239,       -94.5553
   1240,       -70.3137
   1241,       -76.0821
   1242,       -82.3021
   1243,       -80.6136
   1244,       -84.5573
   1245,        -2.7731
   1246,         2.5496
   1247,         1.3668
   1248,         5.7839
   1249,        22.8792
   1250,        21.3575
   1251,        16.8539
   1252,        17.3505
   1253,        15.7977
   1254,        11.9280
   1255,        21.5443
   1256,        25.0934
   1257,        20.7002
   1258,        20.5810
   1259,        16.8710
   1260,        12.6102
   1261,        19.1422
   1262,        26.6745
   1263,        37.7263
   1264,        34.2107
   1265,        27.8829
   1266,        22.5005
   1267,        17.7820
   1268,        13.2297
   1269,        11.5972
   1270,         8.0484
   1271,         5.1256
   1272,         2.7531
   1273,        -0.7322
   1274,       -17.3509
   1275,         1.7764
   1276,        13.2742
   1277,        13.1774
   1278,        17.3969
   1279,        63.5285
   1280,        62.4096
   1281,        55.6475
   1282,        46.8933
   1283,        39.0293
   1284,        36.3784
   1285,        36.6692
   1286,        30.2921
   1287,        29.8508
   1288,        29.9424
   1289,        24.7124
   1290,        19.9077
   1291,        15.6746
   1292,        12.0087
   1293,         8.3679
   1294,         5.0428
   1295,         2.1461
   1296,        -1.3346
   1297,         7.8583
   1298,         5.2829
   1299,         2.9321
   1300,        -5.2843
   1301,       -27.9514
   1302,       -38.4623
   1303,       -44.5052
   1304,       -55.7026
   1305,       -64.9681
   1306,       -72.2011
   1307,       -79.4658
   1308,       -83.0629
   1309,       -86.0458
   1310,       -89.4868
   1311,       -86.3491
   1312,       -89.9403
   1313,       -95.6993
   1314,      -101.6205
   1315,      -111.9590
   1316,      -122.3596
   1317,      -133.3680
   1318,      -144.3798
   1319,      -155.1633
   1320,      -166.0194
   1321,      -177.0052
   1322,      -186.3132
   1323,      -196.9324
   1324,      -207.0825
   1325,      -215.9628
   1326,      -221.9757
   1327,      -227.8586
   1328,      -219.2394
   1329,      -211.9654
   1330,      -222.0134
   1331,      -207.1178
   1332,      -190.6781
   1333,      -186.8290
   1334,      -145.2461
   1335,      -117.0204
   1336,      -118.4520
   1337,      -126.7092
   1338,      -134.1364
   1339,      -134.9059
   1340,      -134.3670
   1341,      -132.7644
   1342,      -107.0937
   1343,       -76.9751
   1344,       -82.3183
   1345,       -85.9513
   1346,       -90.4141
   1347,       -94.8738
   1348,       -93.0559
   1349,       -93.3288
   1350,       -97.5088
   1351,      -100.0234
   1352,      -104.3717
   1353,       -91.2523
   1354,       -84.9143
   1355,       -89.4493
   1356,       -91.7833
   1357,       -93.8554
   1358,       -90.1713
   1359,        -0.2563
   1360,         3.6254
   1361,         2.5512
   1362,         4.6335
   1363,        12.9494
   1364,        11.5753
   1365,        15.0018
   1366,        17.3552
   1367,        15.5131
   1368,        13.4731
   1369,        11.4840
   1370,         9.8266
   1371,        10.2372
   1372,        12.8117
   1373,        16.3166
   1374,        24.9373
   1375,        22.0219
   1376,        22.2088
   1377,        26.6983
   1378,        40.5829
   1379,        43.9908
   1380,        42.9520
   1381,        38.4828
   1382,        34.1535
   1383,        30.1808
   1384,        26.7256
   1385,        22.8086
   1386,        19.6630
   1387,        20.2616
   1388,        24.6528
   1389,        21.8268
   1390,        18.7467
   1391,        16.0744
   1392,        13.7634
   1393,        12.8419
   1394,        21.9728
   1395,        30.4005
   1396,        35.5334
   1397,        32.4471
   1398,        30.3261
   1399,        27.5897
   1400,        24.2386
   1401,        21.1931
   1402,        18.3595
   1403,        15.9388
   1404,        14.2869
   1405,        13.9344
   1406,        14.1666
   1407,        12.3329
   1408,        10.6984
   1409,         9.2711
   1410,         7.9558
   1411,         6.8432
   1412,         5.9112
   1413,         4.6761
   1414,         4.2377
   1415,         4.7097
   1416,         4.1469
   1417,         3.6139
   1418,         3.1010
   1419,         2.7578
   1420,         2.3547
   1421,         1.9576
   1422,         3.9154
   1423,         7.5853
   1424,         6.7285
   1425,         5.9323
   1426,         5.1780
   1427,         4.4987
   1428,         3.8685
   1429,         3.4173
   1430,         3.0354
   1431,         2.6720
   1432,         2.2908
   1433,         2.0239
   1434,         1.7721
   1435,         1.5474
   1436,         1.3847
   1437,         1.2020
   1438,         0.9228
   1439,         0.7064
   1440,         0.4702
   1441,         0.2805
   1442,         0.1381
   1443,        -3.0456
   1444,       -12.3619
   1445,       -19.0604
   1446,       -22.1778
   1447,       -24.8688
   1448,       -26.5756
   1449,        -4.5849
   1450,         0.1253
   1451,        -4.2372
   1452,        -9.4198
   1453,       -12.1496
   1454,       -14.4501
   1455,       -16.3567
   1456,       -18.4045
   1457,       -19.4627
   1458,       -20.3441
   1459,       -21.8891
   1460,       -23.1992
   1461,       -24.1242
   1462,       -25.0098
   1463,       -26.4705
   1464,       -28.4439
   1465,       -30.1908
   1466,       -31.2771
   1467,       -32.3662
   1468,       -32.7318
   1469,       -33.9425
   1470,       -35.0116
   1471,       -36.2225
   1472,       -37.2525
   1473,       -37.8616
   1474,       -38.5274
   1475,       -39.2100
   1476,       -40.0219
   1477,       -40.6989
   1478,       -41.4332
   1479,       -41.9848
   1480,       -42.5141
   1481,       -43.1469
   1482,       -43.9678
   1483,       -44.6542
   1484,       -45.3732
   1485,       -45.9251
   1486,       -46.4005
   1487,       -46.9641
   1488,       -47.6338
   1489,       -48.1604
   1490,       -48.5338
   1491,       -48.8786
   1492,       -49.4209
   1493,       -50.1716
   1494,       -50.9803
   1495,       -51.4792
   1496,       -51.9896
   1497,       -52.5740
   1498,       -53.1332
   1499,       -53.6163
   1500,       -54.0211
   1501,       -54.4838
   1502,       -55.1199
   1503,       -55.8824
   1504,       -56.4831
   1505,       -57.4002
   1506,       -58.1121
   1507,       -58.9374
   1508,       -59.9460
   1509,       -60.9820
   1510,       -61.9208
   1511,       -62.8356
   1512,       -63.4520
   1513,       -64.2275
   1514,       -65.0037
   1515,       -65.4885
   1516,       -66.0387
   1517,       -66.5785
   1518,       -67.3065
   1519,       -68.0970
   1520,       -68.9346
   1521,       -69.4940
   1522,       -70.1330
   1523,       -70.6582
   1524,       -71.2752
   1525,       -71.9975
   1526,       -72.8344
   1527,       -73.7839
   1528,       -74.8316
   1529,       -75.7163
   1530,       -76.5202
   1531,       -77.7848
   1532,       -58.5454
   1533,        35.2457
   1534,        32.4668
   1535,        27.8747
   1536,        23.3921
   1537,        19.4086
   1538,        15.7470
   1539,        12.4881
   1540,         9.6462
   1541,         6.6758
   1542,         4.1425
   1543,         1.8548
   1544,        -6.3675
   1545,       -29.2488
   1546,       -40.5984
   1547,        -3.5750
   1548,         8.7363
   1549,         5.8750
   1550,         3.3957
   1551,         1.2394
   1552,        -4.4992
   1553,         3.1705
   1554,        -1.5020
   1555,       -21.2143
   1556,       -33.3244
   1557,        -4.6612
   1558,        28.0759
   1559,        31.3627
   1560,        26.1922
   1561,        21.0361
   1562,        17.2391
   1563,        18.3117
   1564,        30.8775
   1565,        32.1164
   1566,        32.5216
   1567,        39.1876
   1568,        58.4166
   1569,        59.1046
   1570,        57.7565
   1571,        72.1243
   1572,        84.3061
   1573,        78.7381
   1574,        66.3344
   1575,        54.7857
   1576,        46.1592
   1577,        39.5382
   1578,        33.3899
   1579,        35.5676
   1580,        39.9468
   1581,        36.5499
   1582,        41.7439
   1583,        39.1304
   1584,        36.2228
   1585,        31.9576
   1586,        27.3329
   1587,        23.4114
   1588,        19.9073
   1589,        35.7131
   1590,        33.1665
   1591,        28.0519
   1592,        23.3065
   1593,        19.2431
   1594,        17.8331
   1595,        21.9799
   1596,        28.5513
   1597,        25.7563
   1598,        36.8043
   1599,        48.5187
   1600,        41.9141
   1601,        35.3036
   1602,        50.8465
   1603,        91.9170
   1604,        86.2723
   1605,        87.1497
   1606,        75.9513
   1607,        82.2513
   1608,        74.9882
   1609,        64.4568
   1610,        54.6922
   1611,        46.1097
   1612,        38.8706
   1613,        32.5062
   1614,        26.7719
   1615,        21.6052
   1616,        21.7403
   1617,        19.0905
   1618,        14.6842
   1619,        10.6893
   1620,        11.9820
   1621,        16.8295
   1622,        16.9202
   1623,        27.2496
   1624,        22.3540
   1625,        17.6588
   1626,        13.6551
   1627,        19.3245
   1628,        23.5970
   1629,        20.4105
   1630,        18.7949
   1631,        19.3466
   1632,        14.9375
   1633,        10.9271
   1634,         9.0781
   1635,        44.4325
   1636,        68.7026
   1637,        59.1125
   1638,        56.4709
   1639,        64.8073
   1640,        55.3075
   1641,       133.5329
   1642,       146.1242
   1643,       127.2204
   1644,       110.4919
   1645,        95.5175
   1646,        82.4886
   1647,        71.0994
   1648,        60.5278
   1649,        51.1490
   1650,        52.9424
   1651,        97.3759
   1652,       103.6453
   1653,        89.4461
   1654,        76.8420
   1655,        65.7667
   1656,        63.8176
   1657,        78.9075
   1658,       103.7636
   1659,       139.7864
   1660,       122.1197
   1661,       106.2597
   1662,        91.8423
   1663,        79.1897
   1664,        67.7280
   1665,        57.5940
   1666,        55.4520
   1667,        71.7116
   1668,        61.9034
   1669,        53.7558
   1670,        49.3806
   1671,        42.0544
   1672,        35.0450
   1673,        28.9436
   1674,        23.5595
   1675,        19.0788
   1676,        16.3912
   1677,        15.7802
   1678,        14.5173
   1679,        28.1138
   1680,        27.3292
   1681,        22.0247
   1682,        17.2648
   1683,        22.6368
   1684,        28.3681
   1685,        42.4331
   1686,        38.2646
   1687,        32.0297
   1688,        30.8033
   1689,        25.5345
   1690,        40.3489
   1691,        38.6551
   1692,        48.5303
   1693,        61.1059
   1694,        52.4847
   1695,        44.8380
   1696,        37.7285
   1697,        31.6566
   1698,        40.0804
   1699,        52.6259
   1700,        48.4137
   1701,        42.9957
   1702,        37.0179
   1703,        30.9341
   1704,        25.8541
   1705,        22.4304
   1706,        23.5392
   1707,        21.6323
   1708,        20.3575
   1709,        19.2878
   1710,        15.9756
   1711,        13.4575
   1712,        15.9229
   1713,        44.0328
   1714,        38.7830
   1715,        38.1304
   1716,        46.8982
   1717,        43.3777
   1718,        37.5383
   1719,        31.8992
   1720,        29.1190
   1721,        30.6211
   1722,        27.8644
   1723,        23.3567
   1724,        22.6057
   1725,        23.5100
   1726,        20.0460
   1727,        16.5413
   1728,        14.9580
   1729,        12.4856
   1730,        13.2808
   1731,        11.3998
   1732,         9.2756
   1733,        22.8633
   1734,        24.3656
   1735,        21.1301
   1736,        29.5549
   1737,        28.1323
   1738,        33.6171
   1739,        38.8289
   1740,        34.7189
   1741,        29.6054
   1742,        24.8472
   1743,        21.7111
   1744,        32.2773
   1745,        31.7597
   1746,        31.7070
   1747,        30.9475
   1748,        27.3349
   1749,        24.6100
   1750,        21.4590
   1751,        18.2388
   1752,        15.1652
   1753,        12.4376
   1754,        15.4538
   1755,        41.6526
   1756,        38.7493
   1757,        34.0129
   1758,        29.5059
   1759,        25.3682
   1760,        21.7974
   1761,        18.9376
   1762,        16.4170
   1763,        14.0466
   1764,        12.0012
   1765,        10.2187
   1766,         8.7500
   1767,         7.5642
   1768,         6.9942
   1769,         6.3939
   1770,         5.3030
   1771,         4.3950
   1772,         3.5947
   1773,         2.8152
   1774,         2.3708
   1775,         1.9364
   1776,         1.4477
   1777,         0.7488
   1778,         0.2694
   1779,        -4.7547
   1780,       -17.9328
   1781,        -1.8553
   1782,         0.4523
   1783,        -0.2565
   1784,         1.9962
   1785,         4.2777
   1786,         5.5198
   1787,        16.5000
   1788,        33.7334
   1789,        65.5888
   1790,        69.6851
   1791,        61.7424
   1792,        54.6828
   1793,        49.4277
   1794,        44.4321
   1795,        39.3808
   1796,        34.8614
   1797,        30.8298
   1798,        28.3029
   1799,        26.2306
   1800,        23.2031
   1801,        20.5078
   1802,        18.1324
   1803,        16.0667
   1804,        14.2525
   1805,        12.6363
   1806,        11.1764
   1807,         9.8909
   1808,         8.7793
   1809,         7.7994
   1810,         6.8973
   1811,         6.0857
   1812,         5.3817
   1813,         4.7298
   1814,         4.1437
   1815,         4.5298
   1816,         8.6239
   1817,        11.4947
   1818,        10.1427
   1819,         9.0049
   1820,         8.3440
   1821,         7.6132
   1822,         6.7201
   1823,         5.9633
   1824,         5.3245
   1825,         4.7310
   1826,         4.1979
   1827,         3.7358
   1828,         3.3306
   1829,         2.9640
   1830,         2.6084
   1831,         2.2397
   1832,         1.9033
   1833,         1.6552
   1834,         1.3883
   1835,         1.2193
   1836,         1.0670
   1837,         0.8899
   1838,         0.7096
   1839,         0.5921
   1840,         0.5112
   1841,         0.4299
   1842,         0.3012
   1843,         0.1738
   1844,         0.0719
   1845,        -3.2862
   1846,        -8.7699
   1847,       -12.7923
   1848,       -15.9483
   1849,       -17.6975
   1850,       -19.2922
   1851,       -20.4575
   1852,       -21.4374
   1853,       -22.6292
   1854,       -24.0540
   1855,       -25.4589
   1856,       -26.6546
   1857,       -28.2700
   1858,       -30.1127
   1859,       -31.9231
   1860,       -33.2484
   1861,       -34.8483
   1862,       -36.6695
   1863,       -38.1162
   1864,       -39.1604
   1865,       -40.2542
   1866,       -41.5100
   1867,       -42.8317
   1868,       -43.8262
   1869,       -44.5976
   1870,       -45.6107
   1871,       -47.0062
   1872,       -48.2107
   1873,       -49.3140
   1874,       -50.1817
   1875,       -51.0441
   1876,       -52.0369
   1877,       -53.8392
   1878,       -22.6287
   1879,        12.6769
   1880,        10.7965
   1881,         9.1726
   1882,         7.8717
   1883,         6.7344
   1884,         5.7039
   1885,         4.7135
   1886,         3.7819
   1887,         2.8781
   1888,         2.1157
   1889,         1.4134
   1890,         4.4935
   1891,         6.1172
   1892,         4.6600
   1893,         3.2250
   1894,         2.1768
   1895,         1.4218
   1896,         0.8358
   1897,         7.5649
   1898,        10.8966
   1899,         9.5564
   1900,         8.0845
   1901,        16.9720
   1902,        22.4813
   1903,        20.7101
   1904,        35.5871
   1905,        41.4343
   1906,        36.2003
   1907,        36.7266
   1908,        44.9167
   1909,        42.3047
   1910,        37.1409
   1911,        32.4074
   1912,        27.9128
   1913,        23.8598
   1914,        19.8276
   1915,        24.8853
   1916,        28.3799
   1917,        24.2422
   1918,        68.5236
   1919,       130.2374
   1920,       140.5220
   1921,       123.5123
   1922,       109.2685
   1923,       123.5769
   1924,       131.4092
   1925,       124.5367
   1926,       109.7556
   1927,        96.3107
   1928,        84.4844
   1929,        74.2000
   1930,        65.2079
   1931,        57.2334
   1932,        49.8774
   1933,        43.2013
   1934,        37.1981
   1935,        41.4149
   1936,        44.4811
   1937,        38.9067
   1938,        33.2015
   1939,        27.9897
   1940,        32.0477
   1941,        45.4599
   1942,        53.3934
   1943,        79.0201
   1944,        69.7344
   1945,        60.3754
   1946,        51.6876
   1947,        54.4522
   1948,        58.7921
   1949,        50.7521
   1950,        43.6283
   1951,        36.9230
   1952,        30.9422
   1953,        25.5413
   1954,        20.9811
   1955,        17.1863
   1956,        13.7287
   1957,        10.7282
   1958,         7.7804
   1959,        13.0278
   1960,        40.5653
   1961,        34.6415
   1962,        28.9926
   1963,        23.7421
   1964,        18.6087
   1965,        13.9814
   1966,        10.1348
   1967,         6.7502
   1968,         4.0654
   1969,         3.5008
   1970,         5.4874
   1971,        12.0281
   1972,        77.6747
   1973,       102.1888
   1974,        88.3872
   1975,        76.4613
   1976,        66.2525
   1977,        56.7168
   1978,        47.8503
   1979,        40.9943
   1980,        33.8387
   1981,        33.0904
   1982,        37.6520
   1983,        31.5886
   1984,       170.6371
   1985,       206.8809
   1986,       191.5695
   1987,       190.1674
   1988,       173.8322
   1989,       155.4256
   1990,       138.3018
   1991,       127.0459
   1992,       111.1043
   1993,        96.5765
   1994,        82.7515
   1995,        79.6962
   1996,        89.7707
   1997,        80.2588
   1998,        70.5852
   1999,        61.4051
   2000,        53.4690
   2001,        46.0057
   2002,        39.1551
   2003,        32.5942
   2004,        26.7170
   2005,        21.4068
   2006,        48.9078
   2007,        49.2134
   2008,        42.5291
   2009,        36.3387
   2010,        30.5918
   2011,        24.9972
   2012,        20.4220
   2013,        29.1378
   2014,        36.0436
   2015,        31.3141
   2016,        27.0199
   2017,        22.6747
   2018,        18.6817
   2019,        14.8988
   2020,        11.6510
   2021,         9.3108
   2022,         7.1147
   2023,         5.0288
   2024,         3.6321
   2025,         2.2954
   2026,         1.0922
   2027,       -12.2638
   2028,       -19.9300
   2029,       -26.6278
   2030,       -36.4433
   2031,       -44.2058
   2032,       -47.3848
   2033,       -50.8416
   2034,       -58.0229
   2035,       -63.9684
   2036,       -69.6764
   2037,       -75.4868
   2038,       -80.5514
   2039,       -84.1966
   2040,       -88.3775
   2041,       -92.9666
   2042,       -97.0921
   2043,      -103.6298
   2044,      -111.7391
   2045,      -117.1997
   2046,      -121.1423
   2047,      -123.2130
   2048,      -128.0532
   2049,      -135.5119
   2050,      -141.9577
   2051,      -145.5089
   2052,      -145.5581
   2053,      -147.5675
   2054,      -153.9980
   2055,      -160.7913
   2056,      -168.2657
   2057,      -175.4897
   2058,      -181.5475
   2059,      -185.7962
   2060,      -190.8578
   2061,      -197.2716
   2062,      -203.8834
   2063,      -210.4741
   2064,      -215.1382
   2065,      -219.7984
   2066,      -225.1300
   2067,      -230.4002
   2068,      -237.3774
   2069,      -242.2275
   2070,      -247.0386
   2071,      -251.8907
   2072,      -256.3418
   2073,      -261.4493
   2074,      -267.3033
   2075,      -272.9572
   2076,      -276.8021
   2077,      -278.2101
   2078,      -281.3065
   2079,      -285.8203
   2080,      -290.4500
   2081,      -292.9295
   2082,      -293.7784
   2083,      -297.7406
   2084,      -300.0685
   2085,      -302.2809
   2086,      -300.3568
   2087,      -280.7194
   2088,      -267.1800
   2089,      -266.4359
   2090,      -268.9626
   2091,      -273.2803
   2092,      -277.0395
   2093,      -278.9123
   2094,      -277.8088
   2095,      -275.9575
   2096,      -274.7611
   2097,      -274.2051
   2098,      -274.4406
   2099,      -275.7577
   2100,      -275.6561
   2101,      -276.2455
   2102,      -277.7209
   2103,      -257.7601
   2104,      -244.8210
   2105,      -244.0166
   2106,      -244.1347
   2107,      -245.1988
   2108,      -248.9877
   2109,      -251.9426
   2110,      -253.4321
   2111,      -253.6043
   2112,      -255.2018
   2113,      -254.9792
   2114,      -254.2967
   2115,      -223.4929
   2116,      -199.7606
   2117,      -200.5018
   2118,      -201.5666
   2119,      -202.5057
   2120,      -203.0197
   2121,      -203.4176
   2122,      -203.9701
   2123,      -204.8809
   2124,      -205.9302
   2125,      -207.0272
   2126,      -208.2894
   2127,      -204.8531
   2128,      -202.0616
   2129,      -187.2826
   2130,       -54.7085
   2131,        24.2919
   2132,        69.2942
   2133,       133.6159
   2134,       169.3157
   2135,       184.3174
   2136,       179.8880
   2137,       158.8077
   2138,       140.1751
   2139,       183.9905
   2140,       184.7013
   2141,       164.4263
   2142,       146.0687
   2143,       129.1254
   2144,       114.1371
   2145,       101.0218
   2146,        89.5945
   2147,        79.3498
   2148,        69.9846
   2149,        61.8705
   2150,        54.6857
   2151,        48.5105
   2152,        46.7244
   2153,        43.1875
   2154,        38.1951
   2155,        33.8829
   2156,        30.0207
   2157,        27.1681
   2158,        24.7075
   2159,        21.8730
   2160,        19.2635
   2161,        16.9051
   2162,        14.8660
   2163,        13.0466
   2164,        11.4564
   2165,        10.0886
   2166,         8.9210
   2167,         7.9264
   2168,         7.0091
   2169,         6.0714
   2170,         5.2762
   2171,         4.6382
   2172,         4.0548
   2173,         3.5703
   2174,         3.1279
   2175,         2.7066
   2176,         2.3244
   2177,         7.3867
   2178,        10.0742
   2179,         8.9265
   2180,         7.8621
   2181,         6.9743
   2182,         6.1985
   2183,         5.4859
   2184,         4.8609
   2185,         4.2664
   2186,         3.7276
   2187,         3.2883
   2188,         2.8920
   2189,         2.5382
   2190,         2.2356
   2191,         1.9707
   2192,         1.7351
   2193,         1.5431
   2194,         1.3183
   2195,         7.5472
   2196,        12.5169
   2197,        14.5903
   2198,        18.3040
   2199,        18.4345
   2200,        16.3217
   2201,        14.4769
   2202,        12.8080
   2203,        20.3783
   2204,        30.7645
   2205,        35.7383
   2206,        37.3581
   2207,        35.2427
   2208,        31.2719
   2209,        27.7454
   2210,        24.6092
   2211,        21.7601
   2212,        19.2085
   2213,        16.9987
   2214,        15.0249
   2215,        13.3023
   2216,        11.7738
   2217,        10.3894
   2218,         9.1889
   2219,         8.0909
   2220,         7.0586
   2221,         6.0799
   2222,         5.3704
   2223,         4.7802
   2224,         4.2328
   2225,         3.6465
   2226,         3.1418
   2227,         2.7204
   2228,         2.3802
   2229,         2.0995
   2230,         1.8464
   2231,         1.6150
   2232,         1.4183
   2233,         1.2501
   2234,         1.0965
   2235,         0.9749
   2236,         0.8619
   2237,         0.7434
   2238,         0.5743
   2239,         0.3890
   2240,         0.2340
   2241,        -1.9421
   2242,        -9.6787
   2243,       -14.9054
   2244,        38.3804
   2245,       104.6706
   2246,        93.9539
   2247,        83.6695
   2248,        74.1955
   2249,        65.4770
   2250,        57.7625
   2251,        50.9435
   2252,        44.6971
   2253,        39.0456
   2254,        34.0097
   2255,        29.4563
   2256,        25.2950
   2257,        21.5113
   2258,        18.1313
   2259,        14.8564
   2260,        23.6479
   2261,        95.8848
   2262,       123.8643
   2263,       108.9252
   2264,        95.6126
   2265,        84.0040
   2266,        73.9720
   2267,        65.2310
   2268,        57.0123
   2269,        49.4230
   2270,        42.5754
   2271,        49.6199
   2272,        68.6251
   2273,        70.9118
   2274,        85.4141
   2275,        78.8631
   2276,        69.7104
   2277,        78.0428
   2278,        82.4014
   2279,        71.6964
   2280,        74.6394
   2281,        76.4011
   2282,        66.9858
   2283,        58.0963
   2284,        49.9348
   2285,        52.9940
   2286,        68.3608
   2287,        88.7689
   2288,       106.2572
   2289,       114.4524
   2290,       118.3911
   2291,       112.6989
   2292,        99.6328
   2293,        88.1386
   2294,        78.0265
   2295,        69.0160
   2296,        60.6133
   2297,        52.5261
   2298,        45.1502
   2299,        58.7561
   2300,        65.0512
   2301,        62.9807
   2302,        55.1717
   2303,        47.6042
   2304,        50.3132
   2305,        51.8720
   2306,        44.8449
   2307,        39.2278
   2308,        34.3753
   2309,        29.2337
   2310,        28.5914
   2311,        27.4904
   2312,        22.3737
   2313,        17.6158
   2314,        14.3062
   2315,        11.7945
   2316,         9.0793
   2317,         6.6430
   2318,         4.4827
   2319,         2.3713
   2320,        -0.2589
   2321,       -19.5638
   2322,       -33.9326
   2323,       -45.4306
   2324,       -55.5315
   2325,       -63.1575
   2326,       -68.9371
   2327,       -75.9542
   2328,       -83.0369
   2329,       -89.4421
   2330,       -93.8917
   2331,       -94.2037
   2332,       -98.5593
   2333,      -105.6804
   2334,      -109.5335
   2335,      -114.7238
   2336,      -123.9443
   2337,      -132.7889
   2338,      -140.2714
   2339,      -148.1532
   2340,      -157.3352
   2341,      -166.0064
   2342,      -175.1385
   2343,      -185.5666
   2344,      -196.7213
   2345,      -207.3564
   2346,      -217.6826
   2347,      -227.9465
   2348,      -239.0853
   2349,      -249.6955
   2350,      -260.1596
   2351,      -271.7103
   2352,      -282.4698
   2353,      -292.3639
   2354,      -302.7772
   2355,      -313.0698
   2356,      -323.4416
   2357,      -333.8228
   2358,      -344.5184
   2359,      -356.6153
   2360,      -368.0797
   2361,      -377.7170
   2362,      -383.1017
   2363,      -388.3122
   2364,      -396.0732
   2365,      -405.6416
   2366,      -415.7361
   2367,      -426.0307
   2368,      -433.5871
   2369,      -441.4624
   2370,      -450.2910
   2371,      -459.6690
   2372,      -469.2585
   2373,      -478.8624
   2374,      -489.0706
   2375,      -499.9361
   2376,      -511.0747
   2377,      -521.9376
   2378,      -529.8503
   2379,      -536.2921
   2380,      -544.0048
   2381,      -552.7195
   2382,      -562.1497
   2383,      -571.9239
   2384,      -581.4008
   2385,      -590.9031
   2386,      -599.7978
   2387,      -607.5683
   2388,      -615.6376
   2389,      -623.8898
   2390,      -633.1183
   2391,      -641.2432
   2392,      -646.2982
   2393,      -650.3365
   2394,      -654.7739
   2395,      -661.3931
   2396,      -668.0375
   2397,      -675.8853
   2398,      -684.2084
   2399,      -691.8907
   2400,      -698.1120
   2401,      -702.9680
   2402,      -707.5666
   2403,      -713.4839
   2404,      -719.3768
   2405,      -725.1736
   2406,      -729.2303
   2407,      -730.9621
   2408,      -732.3164
   2409,      -733.6589
   2410,      -734.9502
   2411,      -735.9492
   2412,      -737.3707
   2413,      -739.4197
   2414,      -741.2056
   2415,      -743.0811
   2416,      -744.6182
   2417,      -746.1953
   2418,      -748.7623
   2419,      -751.0869
   2420,      -753.2098
   2421,      -755.1143
   2422,      -757.0311
   2423,      -758.9069
   2424,      -760.0498
   2425,      -761.1874
   2426,      -762.8697
   2427,      -764.2298
   2428,      -765.6436
   2429,      -766.5233
   2430,      -766.8465
   2431,      -767.0247
   2432,      -767.6516
   2433,      -768.6748
   2434,      -769.8688
   2435,      -771.2337
   2436,      -772.2791
   2437,      -772.6223
   2438,      -773.2613
   2439,      -774.0511
   2440,      -774.9682
   2441,      -775.9053
   2442,      -776.4800
   2443,      -777.0845
   2444,      -778.0513
   2445,      -779.0660
   2446,      -779.9417
   2447,      -780.7705
   2448,      -781.3970
   2449,      -782.2780
   2450,      -783.2446
   2451,      -783.9587
   2452,      -784.9041
   2453,      -786.1536
   2454,      -786.7654
   2455,      -787.1626
   2456,      -787.9277
   2457,      -788.8472
   2458,      -789.5053
   2459,      -790.0502
   2460,      -790.8704
   2461,      -791.7470
   2462,      -792.6456
   2463,      -793.5854
   2464,      -794.5019
   2465,      -794.9843
   2466,      -795.1143
   2467,      -795.3716
   2468,      -795.9287
   2469,      -796.5742
   2470,      -797.1436
   2471,      -797.5930
   2472,      -797.9708
   2473,      -798.2084
   2474,      -798.3509
   2475,      -798.5086
   2476,      -798.8535
   2477,      -799.1233
   2478,      -799.2471
   2479,      -799.4201
   2480,      -799.7043
   2481,      -800.1965
   2482,      -800.7921
   2483,      -801.3552
   2484,      -801.6784
   2485,      -801.9350
   2486,      -802.1685
   2487,      -802.3752
   2488,      -802.5899
   2489,      -802.8164
   2490,      -803.0452
   2491,      -803.2137
   2492,      -803.2776
   2493,      -803.4216
   2494,      -803.6548
   2495,      -803.8297
   2496,      -804.0151
   2497,      -804.1812
   2498,      -804.3394
   2499,      -804.5429
   2500,      -804.7275
   2501,      -804.9344
   2502,      -805.1387
   2503,      -805.3049
   2504,      -805.5325
   2505,      -805.7477
   2506,      -805.8353
   2507,      -805.8842
   2508,      -805.9517
   2509,      -806.0212
   2510,      -806.1025
   2511,      -806.2138
   2512,      -806.3058
   2513,      -806.4282
   2514,      -806.5542
   2515,      -806.6800
   2516,      -806.7630
   2517,      -806.9155
   2518,      -807.0571
   2519,      -807.1434
   2520,      -807.2263
   2521,      -807.3466
   2522,      -807.5079
   2523,      -807.5991
   2524,      -807.7092
   2525,      -807.8132
   2526,      -807.9351
   2527,      -807.9717
   2528,      -808.0560
   2529,      -808.1440
   2530,      -808.2574
   2531,      -808.2613
   2532,      -808.4085
   2533,      -808.4418
   2534,      -808.5246
   2535,      -808.6057
   2536,      -808.7006
   2537,      -808.8248
   2538,      -808.9290
   2539,      -809.1267
   2540,      -809.1744
   2541,      -809.0416
   2542,      -809.1855
   2543,      -809.2097
   2544,      -809.2822
   2545,      -809.3629
   2546,      -809.4230
   2547,      -809.4777
   2548,      -809.5405
   2549,      -809.6274
   2550,      -809.6928
   2551,      -809.7615
   2552,      -809.7947
   2553,      -809.8333
   2554,      -809.8768
   2555,      -809.9239
   2556,      -809.9592
   2557,      -809.9930
   2558,      -810.0001
   2559,      -810.0001
   2560,      -810.0001
   2561,      -810.0001
   2562,      -810.0001
   2563,      -810.0001
   2564,      -810.0001
   2565,      -810.0001
   2566,      -810.0001
   2567,      -810.0001
   2568,      -810.0001
   2569,      -810.0001
   2570,      -810.0001
   2571,      -810.0001
   2572,      -810.0001
   2573,      -810.0001
   2574,      -810.0001
   2575,      -810.0001
   2576,      -810.0001
   2577,      -810.0001
   2578,      -810.0001
   2579,      -810.0001
   2580,      -810.0001
   2581,      -810.0001
   2582,      -810.0001
   2583,      -810.0001
   2584,      -810.0001
   2585,      -810.0001
   2586,      -810.0001
   2587,      -810.0001
   2588,      -810.0001
   2589,      -810.0001
   2590,      -810.0001
   2591,      -810.0001
   2592,      -810.0001
   2593,      -810.0001
   2594,      -810.0001
   2595,      -810.0001
   2596,      -810.0001
   2597,      -810.0001
   2598,      -810.0001
   2599,      -810.0001
   2600,      -810.0001
   2601,      -810.0001
   2602,      -810.0001
   2603,      -810.0001
   2604,      -810.0001
   2605,      -810.0001
   2606,      -810.0001
   2607,      -810.0001
   2608,      -810.0001
   2609,      -810.0001
   2610,      -810.0001
   2611,      -810.0001
   2612,      -810.0001
   2613,      -810.0001
   2614,      -810.0001
   2615,      -810.0001
   2616,      -810.0001
   2617,      -810.0001
   2618,      -810.0001
   2619,      -810.0001
   2620,      -810.0001
   2621,      -810.0001
   2622,      -810.0001
   2623,      -810.0001
   2624,      -810.0001
   2625,      -810.0001
   2626,      -810.0001
   2627,      -810.0001
   2628,      -810.0001
   2629,      -810.0001
   2630,      -810.0000
   2631,      -810.0403
   2632,      -810.0001
   2633,      -809.9846
   2634,      -810.0286
   2635,      -810.0269
   2636,      -810.0017
   2637,      -810.0377
   2638,      -810.0013
   2639,      -810.0000
   2640,      -809.9598
   2641,      -809.9537
   2642,      -809.9659
   2643,      -810.0001
   2644,      -810.0000
   2645,      -810.0001
   2646,      -810.0001
   2647,      -810.0139
   2648,      -810.0207
   2649,      -810.0063
   2650,      -810.0401
   2651,      -810.0004
   2652,      -810.0207
   2653,      -810.0198
   2654,      -810.0000
   2655,      -809.9932
   2656,      -810.0303
   2657,      -810.0269
   2658,      -810.0246
   2659,      -810.0237
   2660,      -809.9834
   2661,      -809.9807
   2662,      -809.9821
   2663,      -810.0102
   2664,      -810.0130
   2665,      -810.0494
   2666,      -810.0250
   2667,      -810.0262
   2668,      -810.0178
   2669,      -810.0262
   2670,      -810.0004
   2671,      -810.0001
   2672,      -809.9597
   2673,      -810.0361
   2674,      -809.9959
   2675,      -810.0095
   2676,      -810.0073
   2677,      -810.0063
   2678,      -810.0044
   2679,      -809.9848
   2680,      -809.9451
   2681,      -809.8336
   2682,      -809.7969
   2683,      -809.8377
   2684,      -810.0193
   2685,      -810.0167
   2686,      -809.9026
   2687,      -809.9072
   2688,      -810.0005
   2689,      -809.8624
   2690,      -809.8442
   2691,      -809.8611
   2692,      -809.9543
   2693,      -809.8770
   2694,      -809.9443
   2695,      -810.0057
   2696,      -809.9788
   2697,      -810.0002
   2698,      -810.0120
   2699,      -809.9775
   2700,      -809.8808
   2701,      -810.0015
   2702,      -810.0075
   2703,      -809.9102
   2704,      -810.1533
   2705,      -810.0579
   2706,      -809.9067
   2707,      -810.0000
   2708,      -809.8128
   2709,      -809.8926
   2710,      -809.8918
   2711,      -809.8667
   2712,      -809.8615
   2713,      -809.8749
   2714,      -809.9448
   2715,      -809.9318
   2716,      -809.8731
   2717,      -809.9018
   2718,      -809.9531
   2719,      -809.8895
   2720,      -810.0227
   2721,      -810.0532
   2722,      -809.9874
   2723,      -810.0400
   2724,      -810.0180
   2725,      -810.0412
   2726,      -809.9174
   2727,      -809.9127
   2728,      -810.0581
   2729,      -809.9598
   2730,      -809.8869
   2731,      -809.9563
   2732,      -810.0130
   2733,      -809.9981
   2734,      -809.9927
   2735,      -810.0700
   2736,      -810.0672
   2737,      -809.9500
   2738,      -809.9675
   2739,      -810.0274
   2740,      -809.9528
   2741,      -810.0261
   2742,      -810.0367
   2743,      -809.9472
   2744,      -809.9737
   2745,      -810.0322
   2746,      -809.9798
   2747,      -810.0242
   2748,      -810.0403
   2749,      -810.0854
   2750,      -810.1379
   2751,      -809.9949
   2752,      -809.9395
   2753,      -809.9934
   2754,      -810.0215
   2755,      -809.9689
   2756,      -810.0761
   2757,      -810.0313
   2758,      -809.9377
   2759,      -810.0146
   2760,      -810.1628
   2761,      -810.0664
   2762,      -809.9753
   2763,      -810.0477
   2764,      -810.0687
   2765,      -810.0164
   2766,      -809.9577
   2767,      -809.9225
   2768,      -810.0001
   2769,      -810.0320
   2770,      -807.3484
   2771,      -806.6062
   2772,      -807.8167
   2773,      -806.5413
   2774,      -805.9241
   2775,      -805.6706
   2776,      -809.4987
   2777,      -810.0030
   2778,      -810.0076
   2779,      -809.9864
   2780,      -809.2620
   2781,      -807.7869
   2782,      -808.2749
   2783,      -809.4484
   2784,      -809.2095
   2785,      -808.8875
   2786,      -809.6153
   2787,      -809.9402
   2788,      -810.0036
   2789,      -810.0023
   2790,      -808.3834
   2791,      -807.0847
   2792,      -805.9008
   2793,      -806.4993
   2794,      -808.6373
   2795,      -806.5025
   2796,      -802.2355
   2797,      -800.5632
   2798,      -801.9319
   2799,      -804.6055
   2800,      -807.5532
   2801,      -763.8790
   2802,      1944.1820
   2803,      2417.3416
   2804,      1905.3419
   2805,      1615.2051
   2806,      1421.5024
   2807,      1272.7339
   2808,      1140.7120
   2809,      1007.9587
   2810,       891.2725
   2811,       787.9472
   2812,       696.8682
   2813,       616.1507
   2814,       544.2674
   2815,       481.0599
   2816,       425.7749
   2817,       376.8416
   2818,       333.5081
   2819,       295.2071
   2820,       261.0705
   2821,       230.6344
   2822,       203.5967
   2823,       179.6160
   2824,       158.3459
   2825,       139.6205
   2826,       122.7403
   2827,       108.0173
   2828,        95.2315
   2829,        83.9738
   2830,        75.4354
   2831,        66.2317
   2832,        57.5612
   2833,        50.1250
   2834,        43.4069
   2835,        37.7481
   2836,        32.5959
   2837,        28.0496
   2838,        24.1270
   2839,        20.7818
   2840,        17.7550
   2841,        14.7597
   2842,        11.9006
   2843,         9.5240
   2844,         7.1091
   2845,         4.1943
   2846,         1.4077
   2847,       -12.6741
   2848,       -33.3179
   2849,       -41.5385
   2850,       -26.7491
   2851,       -32.0431
   2852,       -50.0401
   2853,       -58.1825
   2854,       -68.4902
   2855,       -76.3494
   2856,       -82.2895
   2857,       -87.0951
   2858,       -91.4579
   2859,       -94.8789
   2860,       -97.8379
   2861,      -100.7713
   2862,      -104.8408
   2863,      -108.8508
   2864,      -112.4449
   2865,      -115.2630
   2866,      -118.0389
   2867,      -120.5050
   2868,      -122.5580
   2869,      -124.5162
   2870,      -126.3369
   2871,      -128.0479
   2872,      -129.5504
   2873,      -130.7317
   2874,      -131.8775
   2875,      -132.8851
   2876,      -133.6892
   2877,      -134.6392
   2878,      -135.2523
   2879,      -136.0268
   2880,      -136.6827
   2881,      -137.5416
   2882,      -138.5569
   2883,      -139.4224
   2884,      -140.2188
   2885,      -141.4340
   2886,      -141.0214
   2887,      -141.8335
   2888,      -130.9979
   2889,      -131.4964
   2890,      -133.2350
   2891,      -135.1357
   2892,      -119.7757
   2893,      -113.6959
   2894,      -104.9685
   2895,      -112.4484
   2896,      -119.5573
   2897,      -125.5526
   2898,      -131.9167
   2899,      -135.4238
   2900,      -140.5010
   2901,      -109.7765
   2902,       -81.6087
   2903,       -90.0850
   2904,       -96.6264
   2905,      -100.6753
   2906,       -99.4168
   2907,      -107.5193
   2908,      -117.7019
   2909,      -126.1560
   2910,      -135.6543
   2911,      -129.1059
   2912,      -134.7342
   2913,      -141.9293
   2914,      -141.8409
   2915,      -121.3382
   2916,      -124.2123
   2917,      -128.5488
   2918,      -122.1421
   2919,      -115.3603
   2920,      -118.2500
   2921,      -119.3460
   2922,      -124.6437
